90

9 0.00496904092906981509 0.00306585283133528532 -0.00881001067806079854
6 -0.00630413332287602188 -0.00426651436922101130 0.01104243496261810530
6 0.00767778244187182317 -0.00362465700780763202 0.01274879095420292964
9 -0.00712293886754873651 0.00353755038338862899 -0.01034416511389884760
6 0.00190358648819883474 -0.00000036408791465489 -0.00049122067740887823
6 -0.00190889493173016325 -0.00044906097537959500 0.00009842076816740190
6 -0.01046827257105511708 -0.01095193394921326405 0.00023649305307259704
9 0.00895336078484705936 0.00918597143135837027 -0.00058777290521514326
6 0.00728503699687368771 -0.01251561083961571889 0.00305302417342253642
9 -0.00511500605518204737 0.00969561213753669660 -0.00218263044241052365
6 -0.00706808458185324926 0.00013216285308074221 -0.00008416271977146525
6 -0.00275656120227624982 0.00435632147290693043 -0.00079832815844611078
6 0.00070326181454016280 -0.00231280583664244177 0.00042337151684551113
6 0.00185473182603496556 0.00055717562836313955 -0.00013636898241433900
6 0.00020775542425996777 0.00419589382817188526 -0.00120997399215846610
6 0.00179683255204264006 0.00159948580444881929 0.00064052238313939362
6 -0.00107843729619721673 0.00175967044369819783 -0.00037282876138818738
7 0.00143431940742505559 -0.00035830087008107108 0.00015557284652298963
6 0.00315767233579360715 -0.00099625465989259220 -0.00208481485890170621
6 -0.00173001021116019971 0.00040595989528144632 0.00019080778907852261
6 -0.00002968691547635573 0.00002091241216665151 0.00030808365035975331
6 0.00202021921143229937 -0.00148788208775731384 -0.00115963362725007390
6 -0.00292571186365823228 0.00058114305739216752 0.00030934253240304011
6 -0.00287609419564958946 0.00194683954874315650 0.00250035496708827598
6 -0.00310555543108028071 -0.00108486370854632506 -0.00275368948405875762
6 -0.00291515371291775106 0.00038410637332233371 -0.00053458244180033636
6 0.00232775383651501796 0.00084795303238512098 0.00130903110387943348
6 -0.00005586109263900671 0.00004744839171846396 -0.00029638770965065460
6 -0.00163173295762917333 0.00010673235393193138 -0.00036603963598616019
6 0.00308509832702713333 0.00001278762939537696 0.00245427990548168287
6 0.00363558364241424415 -0.00383584455501058798 -0.00013941032449121951
6 -0.00329430088035914106 -0.00453004599648397770 0.00129275555132008619
6 0.00688026839144309944 0.01110355392682028756 -0.00279290053274624129
9 -0.00559797720815392690 -0.00882505072140350906 0.00149040261007031072
6 -0.00692059722156973013 0.01370766583938037159 -0.00085860973850417608
9 0.00633012827883687370 -0.01130891827470128543 0.00126018479823426202
6 0.00974835184771749921 0.00156266691286202457 -0.01157572810725891743
9 -0.00800764564298985133 -0.00161603211588660684 0.00998476379439487520
6 -0.00784469106289573809 0.00561258596135225281 -0.01119000900623392906
9 0.00570463142467919713 -0.00397269128919752225 0.00907885366087223152
6 0.00702645869245889770 -0.00052124779921258898 -0.00049888949282410051
6 0.00303988388442182978 -0.00199305463297844284 0.00385167864286947020
6 -0.00096443905976838858 0.00110330575516461200 -0.00216513399707045189
6 -0.00180007454187801601 -0.00020724949032910510 0.00057166475871532531
6 0.00018552123795160635 -0.00023012550148399330 0.00436990729108041338
6 -0.00180259896213143408 -0.00065789857744696077 0.00152455493286983174
6 0.00128329764582715312 -0.00046622481174760739 0.00167738557379958075
7 -0.00142036028025394707 0.00020622703598869620 -0.00025383070361599205
6 -0.00347625527722336507 -0.00191484440251542157 -0.00056759521444568967
6 0.00177578793816554289 0.00012036223909164194 0.00009907428758548778
6 0.00004015977338725781 0.00017143553159685204 0.00002457787941624474
6 -0.00243316029647501226 -0.00113943948187726282 0.00059446941832478478
6 0.00296813432320805048 -0.00011608526692025959 0.00016943664058824539
6 0.00348093570543181550 0.00262749534131984357 -0.00027231067607142887
6 0.00259343767142295551 -0.00345106050926575949 0.00062402209931782015
6 0.00282127799815894576 -0.00077614781395114675 0.00017748406052236153
6 -0.00187063668164138630 0.00174490409089875643 -0.00086515151157359250
6 -0.00009449521702083316 -0.00032000981039191639 -0.00001451836007266460
6 0.00171469860256255450 -0.00061291651651837584 0.00013526305572106269
6 -0.00290042162079114443 0.00272792637881545674 0.00009847540683229202
6 -0.00376116565223091719 0.00196427646752896394 -0.00314380558539366535
6 0.00284678019931857568 0.00004133843933977051 -0.00498998057201207029
1 0.00245655362219805544 -0.00842259177728445912 0.00133380469590682919
1 -0.00413879944177900517 0.00835324539563144126 -0.00134283608144320442
1 -0.00638750239397745546 -0.00818875944962649434 0.00104594921902327175
1 0.00330392248727033903 -0.00855278419709005686 0.00165670878501629698
1 -0.00873785845042002358 -0.00072933674490832537 -0.00247564889950916854
1 -0.00331308027159656418 -0.00668603356865246634 -0.00688216827957364736
1 0.00675106154988779506 -0.00629936989953777497 -0.00442280290872360329
1 0.00999989514512710474 0.00049046563633670201 0.00220523857100848007
1 0.00959199043118237789 -0.00344846441240938273 -0.00130327601524092671
1 0.00788523982664156471 0.00403459292858237336 0.00507361321657777420
1 -0.00176119922284299424 0.00747488561669907865 0.00665369356015598715
1 -0.00831041102292389561 0.00335273085496889164 0.00164934526086916544
1 0.00590409546101403580 0.00714731363225767913 -0.00126249011623276865
1 -0.00370740310040595412 0.00915278751386431298 -0.00135997052649353416
1 -0.00290040864182258178 0.00308752498514694267 -0.00781478517609666447
1 0.00461354575060135552 -0.00295788757246985903 0.00772405120849276646
1 0.00579269454102241364 0.00103685691153824707 -0.00861486887661868511
1 -0.00386373879076762827 0.00183229074299654134 -0.00826534160192613811
1 0.00804322869036667130 -0.00379945169615975237 0.00172992530612449988
1 0.00101043790413012677 -0.00902299071839688521 0.00457189596727660286
1 -0.00841447669463733783 -0.00505935335657461786 0.00282977662109459155
1 -0.00939010959573109011 0.00368466548440869908 -0.00187061391506200265
1 -0.01021402284063670056 -0.00085180356189779776 0.00065669371521280637
1 -0.00622986130869621155 0.00719056280146411313 -0.00373027772013870490
1 0.00405387454567248361 0.00829073892419511342 -0.00426036521465115049
1 0.00895432807970004789 0.00135307815600920378 -0.00067884556743648817
1 -0.00533111061338509013 -0.00062026308360886280 0.00765675820656690643
1 0.00423027767340799273 -0.00253146457538718167 0.00869071067207539266
