90

9 0.00235240744817355463 0.00276813938905728918 -0.00527524334735229861
6 0.00744562988585473207 -0.00812461892795302010 0.01451052765420257629
6 -0.00638274773495162151 -0.00692373420444980514 0.01368118863369613414
9 -0.00524844137850966064 0.00241552002030642754 -0.00767763158125989165
6 0.02319414523144924800 -0.00247423319835438082 0.00062785082803928915
6 -0.02326933664224073439 0.00257335845425199494 -0.00050289492146549097
6 0.00387572038339090152 -0.01507587120981246365 0.00511872318263223436
9 0.00631978391735010803 0.00671729214224114912 -0.00042747918781893546
6 -0.00813147612898923455 -0.01391099841321152830 0.00433353320125065555
9 -0.00252095983866462703 0.00610406398377971726 -0.00205290353504805623
6 0.01566796197053665907 -0.00586675386558352385 0.00097760241982061680
6 -0.02483321481886008320 -0.00204108507551870044 -0.00004107208770823961
6 0.02001652038211365614 0.00763567553084676387 -0.00104247578396099438
6 -0.01518441531018033253 0.00376402690835364595 -0.00086924294179802075
6 0.00565827514978853308 -0.00235669379562253312 -0.00001871850403190045
6 -0.00060537095983814737 0.00048567514043762472 0.00023811056576295009
6 -0.00329013327509564135 -0.00009282508535402023 -0.00004029551801199016
7 0.00853768263678400530 -0.00124159456393924117 0.00034627822390487228
6 0.00244023633004553098 0.00291028344426125241 0.00058378860207276839
6 -0.00339724013847453321 -0.00082517137213888869 -0.00158158669133090513
6 -0.00004087374978578584 -0.00071589104456126762 -0.00013593592122695952
6 -0.00064669857104115991 -0.00356581539443112661 -0.00340084669599338696
6 -0.00316310826910992660 0.00572988537011065446 0.00495623189587979240
6 0.00087251291329604186 -0.00179663728915435694 0.00039749729975957493
6 0.00137256437300337097 0.00141578443036394219 -0.00026783355804993469
6 -0.00428852920120759151 -0.00460369728642096021 -0.00534442285235003922
6 0.00015613127802538429 0.00368928326928141814 0.00342462888084660300
6 0.00017053460142424370 0.00075943355355789777 0.00008402516502137303
6 -0.00309282767847562923 0.00185388979939959953 0.00135134911110235123
6 0.00147241414697107942 -0.00359158849794605217 -0.00051490278000632106
6 -0.00036701755960999449 0.00034936253579553878 -0.00017779848732657477
6 0.00578142422712124571 -0.00087174397735445552 0.00059873071045024595
6 -0.00692944244963111800 0.01624172242695220980 -0.00485270005570392904
9 -0.00299287451420537920 -0.00550985635569728460 0.00176195901633446894
6 0.00708565052620890867 0.01422240461350865459 -0.00496733746893229799
9 0.00463830182244118205 -0.00838692292864351430 0.00084935081289039260
6 -0.00429653105102234534 0.00799628615847658430 -0.01360228301021892960
9 -0.00592593270252272930 -0.00139028190934364915 0.00722480947966985809
6 0.00731628146302831794 0.00614850011633505389 -0.01353141562696547062
9 0.00292026902148356804 -0.00303787389260179452 0.00554689192003987586
6 -0.01549900179752494722 0.00317745538601144073 -0.00422563707926079668
6 0.02420702946114333676 -0.00173506984594590241 -0.00387415552601810820
6 -0.01913450009290329490 -0.00104540667500141460 0.00861063055544948608
6 0.01485142413085371871 -0.00257514655747670407 0.00222631367375214495
6 -0.00550737201379186692 0.00180326554508869474 -0.00144638887118420101
6 0.00053830035324331504 -0.00004116533581832726 0.00045878353215611511
6 0.00317971036859532319 -0.00050966986715855755 -0.00041823897723469727
7 -0.00830849490959639780 0.00133013077237553734 -0.00042646529985479464
6 -0.00157718697568220989 0.00175819237563978881 -0.00299042366333535092
6 0.00292405670954876129 -0.00218634368033376880 0.00098044060922641840
6 -0.00014202347176528463 -0.00035880061296644783 0.00061881880152214741
6 -0.00059785386853494771 -0.00428322736598207854 0.00223236605976495639
6 0.00479514951899495667 0.00567795401204795880 -0.00284428831389860193
6 -0.00106338553775975342 0.00012543625145866599 0.00150952587949060302
6 -0.00082081325405825023 0.00020372266686630169 -0.00164400306092038484
6 0.00258086854327244097 -0.00676769636773544292 0.00327884086650165330
6 0.00091154163659634690 0.00421194054553408748 -0.00219195070903754896
6 0.00000621839594172613 0.00030085297801152322 -0.00057913139496790222
6 0.00348810006099764536 0.00129555546606452410 -0.00055918442059521567
6 -0.00245754775244666490 -0.00118055107622294653 0.00264506394129737643
6 0.00030878422925928461 -0.00015014818239045269 0.00021803100738271297
6 -0.00564394905325515950 0.00025322317979137310 -0.00063011029320714229
1 0.00210979348148111756 -0.00885385277753078515 0.00168082221584674174
1 -0.00389367972702100995 0.00786066338331711800 -0.00115575190077427115
1 -0.00635147188333032298 -0.00778975171105322772 0.00099232862061811311
1 0.00309289048884156537 -0.00902759223075724759 0.00206746807471142394
1 -0.00854491151243194635 -0.00036251835995055118 -0.00229446159383549231
1 -0.00327787882895613780 -0.00646608503864509743 -0.00668610735119137822
1 0.00664815439993057811 -0.00618166675747057470 -0.00436709532905263376
1 0.00990760783506380860 0.00045767717929079237 0.00208993729420724195
1 0.00947351499148624265 -0.00342858640562394845 -0.00119974612302812741
1 0.00777928564207583384 0.00395032853447918608 0.00503999814378350286
1 -0.00177142858368517161 0.00723427229252099346 0.00645947800848639675
1 -0.00823950745222884473 0.00291089395811421070 0.00155275156383104240
1 0.00586374628279105747 0.00765560204596313354 -0.00170375241346984105
1 -0.00364041201269199588 0.00874574957104951034 -0.00143466295873178468
1 -0.00258026983900710993 0.00333011384745839079 -0.00825526748134564059
1 0.00436587972550698394 -0.00248168976696173937 0.00737747887696532656
1 0.00573269964753383987 0.00091228278291116682 -0.00822946512177835654
1 -0.00375078419823057785 0.00161021231406669602 -0.00886069586002485865
1 0.00798669677054189564 -0.00355692221820710919 0.00139195648175014647
1 0.00104215575484265660 -0.00875795650144073345 0.00440665594154165952
1 -0.00829329624498092999 -0.00501307351566522563 0.00274789345121397022
1 -0.00929834202548476818 0.00359161609522802572 -0.00187856730285207441
1 -0.01010104018575191942 -0.00078383750877253008 0.00067877847343486564
1 -0.00613474449429600444 0.00708682819267891784 -0.00365583073988257068
1 0.00401193875897928875 0.00804697665628897885 -0.00410721792811252762
1 0.00878225913883673437 0.00112916431602001072 -0.00039344693454678586
1 -0.00519001551236401848 -0.00037962496066201723 0.00827175999150425723
1 0.00419539376324243318 -0.00227295447447796450 0.00835911060905672465
